0.809716599190283
1.003957224776570
1.975564939108120
3.0119369302006900
3.724396179268750
3.0117672649361200
1.9914721452595700
1.0197730727086300
0.9549565912508190
0.9062691859058200
0.8089987846094030
0.7117414344871830
0.6791961564292000
0.6626233403936570
0.6944116503481690
0.6934458634575290
0.6924800765668900
0.6915012385020530
0.755299728372437
0.7550256537142830
0.9492532281263680
2.001793448854350
3.0219972103115200
3.993617975817260
5.0138086861002300
6.017765910876790
5.013639020835660
3.9933308499849100
2.989177857595380
1.9970065279032800
1.640805644149460
1.4345220677128300
1.2844385996130400
1.2281478581220500
1.1906307674785300
1.1812137310034200
1.0687153284127600
0.9936962526513960
1.0123037427162400
0.787344701349153
0.4592967411036750
0.984075291579444
1.8930641468232900
2.0804305699183900
2.1834892777454000
2.2490535532174200
2.2208704186577000
1.8459789644477300
0.9837429700142210
0.8900106655081710
0.6744460023276600
0.8711992508464870
0.9836296785715320
1.039837339671210
0.9835465981802260
0.936657787638663
0.9740917978908850
0.9736461848829730