0.1678979180658470
4.869039623908690
7.55540631296175
10.913364674278100
15.614506380120900
19.644056413700500
22.330423102753600
24.345198119543400
26.359973136333100
31.732706514439300
37.10543989254540
41.80658159838820
49.865681665547400
69.341840161182
100.23505708529200
149.93284083277400
199.63062458025500
250.00000000000000
300.36937541974500
314.4728005372730
319.8455339153790
324.5466756212220
326.56145063801200
328.5762256548020
331.26259234385500
335.9637340496980
339.99328408327700
343.3512424445940
348.7239758227000
354.82426684575800
358.7107927269110
364.1519289605250
371.147675546601
374.2568962515240
375.81150660398500
378.1434221326770
380.0866850732530
382.4186006019450
389.4143471880210
391.35761012859700
393.3008730691740
395.2441360097510
398.74200930278800
402.2398825958260
403.7944929482880
405.73775588886400
409.2356291819020
410.4015869462480
412.34484988682400
413.12215506305500
413.89946023928600
416.6200283560930
418.1746387085540
419.3405964729000
422.44981717782300
424.0044275302840
426.7249956470910
449.65549834589500